Experiment results for
 datafile = data/mauna2003.mat
 max_depth = 1.000000
 k = 2.000000

nll=2352.531345, laplace=2357.439364, kernel=[1m[32mM(0, [0m[1m[31mPE(ell=-0.2, p=0.0, sf=-0.2)[0m[1m[32m)[0mnll=2342.033749, laplace=1419.164811, kernel=[1m[36m( [0m[1m[32mM(0, [0m[1m[31mSE(ell=4.4, sf=8.5)[0m[1m[32m)[0m[1m[36m x [0m[1m[32mM(0, [0m[1m[31mPE(ell=5.0, p=-0.1, sf=8.5)[0m[1m[32m)[0m[1m[36m ) [0mnll=1223.928221, laplace=1136.159502, kernel=[1m[36m( [0m[1m[32mM(0, [0m[1m[31mSE(ell=5.6, sf=11.5)[0m[1m[32m)[0m[1m[36m + [0m[1m[32mM(0, [0m[1m[31mPE(ell=-0.0, p=-2.1, sf=0.0)[0m[1m[32m)[0m[1m[36m ) [0mnll=1202.919839, laplace=1202.237084, kernel=[1m[32mM(0, [0m[1m[31mRQ(ell=4.0, sf=4.1, a=0.1)[0m[1m[32m)[0mnll=1202.410743, laplace=1164.511791, kernel=[1m[36m( [0m[1m[32mM(0, [0m[1m[31mSE(ell=4.4, sf=2.0)[0m[1m[32m)[0m[1m[36m x [0m[1m[32mM(0, [0m[1m[31mSE(ell=4.4, sf=2.0)[0m[1m[32m)[0m[1m[36m ) [0mnll=1202.394565, laplace=1205.451113, kernel=[1m[32mM(0, [0m[1m[31mSE(ell=4.0, sf=3.9)[0m[1m[32m)[0mnll=1202.378567, laplace=1167.848664, kernel=[1m[36m( [0m[1m[32mM(0, [0m[1m[31mSE(ell=4.0, sf=3.6)[0m[1m[32m)[0m[1m[36m + [0m[1m[32mM(0, [0m[1m[31mSE(ell=4.0, sf=3.6)[0m[1m[32m)[0m[1m[36m ) [0mnll=1202.084174, laplace=1195.196230, kernel=[1m[36m( [0m[1m[32mM(0, [0m[1m[31mSE(ell=4.4, sf=4.8)[0m[1m[32m)[0m[1m[36m + [0m[1m[32mM(0, [0m[1m[31mRQ(ell=3.6, sf=2.4, a=-0.8)[0m[1m[32m)[0m[1m[36m ) [0mnll=618.998408, laplace=592.606082, kernel=[1m[36m( [0m[1m[32mM(0, [0m[1m[31mSE(ell=3.4, sf=1.6)[0m[1m[32m)[0m[1m[36m x [0m[1m[32mM(0, [0m[1m[31mRQ(ell=0.6, sf=1.6, a=-4.4)[0m[1m[32m)[0m[1m[36m ) [0m