Let's test the stability of the finite difference method with different step sizes

1e-3

[[  2.47982729e+01   7.77723497e+00  -1.22861331e+01   1.85224404e+07
    4.22654279e+00]
 [  7.77723497e+00   2.09511371e-01  -8.81174659e+00   1.22488277e+07
   -6.75058215e+00]
 [ -1.22861331e+01  -8.81174659e+00   1.26712720e+01  -2.75752272e+07
   -8.83445040e+00]
 [  1.85224404e+07   1.22488277e+07  -2.75752272e+07  -2.48169120e+07
    1.22579475e+07]
 [  4.22654279e+00  -6.75058215e+00  -8.83445040e+00   1.22579475e+07
   -1.37106757e+01]]

1e-4

[[  1.65850936e+02   1.04252476e+02  -1.17284631e+01   1.74778839e+07
    2.21770553e+01]
 [  1.04252476e+02   1.42772887e+01  -5.34586450e+00   1.27735426e+07
   -4.93179057e+01]
 [ -1.17284631e+01  -5.34586450e+00   1.78233709e+01  -2.81592565e+07
   -2.11392309e+00]
 [  1.74778839e+07   1.27735426e+07  -2.81592565e+07   1.24205814e+08
    8.57537369e+06]
 [  2.21770553e+01  -4.93179057e+01  -2.11392309e+00   8.57537369e+06
   -1.12913100e+02]]

1e-5

[[  2.61151829e+03  -2.01655916e+02   9.16765615e+01   3.33507269e+07
   -1.54560643e+03]
 [ -2.01655916e+02  -1.28325930e+03   1.50023208e+02   6.92669840e+06
   -5.09213983e+02]
 [  9.16765615e+01   1.50023208e+02   4.57044760e+01  -3.48288417e+07
    1.35549614e+02]
 [  3.33507269e+07   6.92669840e+06  -3.48288417e+07   3.65441390e+10
    6.33153238e+06]
 [ -1.54560643e+03  -5.09213983e+02   1.35549614e+02   6.33153238e+06
    2.64831331e+02]]
    
1e-6


